{
 "cells": [
  {
   "cell_type": "code",
   "execution_count": 1,
   "id": "ccfdf255",
   "metadata": {},
   "outputs": [],
   "source": [
    "import pandas as pd\n",
    "import numpy as np\n",
    "import random as rd\n",
    "import matplotlib.pyplot as plt\n",
    "from sklearn.cluster import KMeans"
   ]
  },
  {
   "cell_type": "code",
   "execution_count": 2,
   "id": "a7b034e4",
   "metadata": {},
   "outputs": [
    {
     "data": {
      "text/html": [
       "<div>\n",
       "<style scoped>\n",
       "    .dataframe tbody tr th:only-of-type {\n",
       "        vertical-align: middle;\n",
       "    }\n",
       "\n",
       "    .dataframe tbody tr th {\n",
       "        vertical-align: top;\n",
       "    }\n",
       "\n",
       "    .dataframe thead th {\n",
       "        text-align: right;\n",
       "    }\n",
       "</style>\n",
       "<table border=\"1\" class=\"dataframe\">\n",
       "  <thead>\n",
       "    <tr style=\"text-align: right;\">\n",
       "      <th></th>\n",
       "      <th>usuario_id</th>\n",
       "      <th>cookies_enabled</th>\n",
       "      <th>device_memory</th>\n",
       "      <th>hardware_concurrency</th>\n",
       "      <th>ip</th>\n",
       "      <th>languages</th>\n",
       "      <th>local_storage</th>\n",
       "      <th>platform</th>\n",
       "      <th>session_storage</th>\n",
       "      <th>timezone</th>\n",
       "      <th>touch_support</th>\n",
       "      <th>browser</th>\n",
       "      <th>browser_version</th>\n",
       "      <th>gpu</th>\n",
       "      <th>hash</th>\n",
       "    </tr>\n",
       "  </thead>\n",
       "  <tbody>\n",
       "    <tr>\n",
       "      <th>0</th>\n",
       "      <td>1</td>\n",
       "      <td>True</td>\n",
       "      <td>8</td>\n",
       "      <td>12</td>\n",
       "      <td>201.26.163.119</td>\n",
       "      <td>pt-BR</td>\n",
       "      <td>True</td>\n",
       "      <td>Windows 10</td>\n",
       "      <td>True</td>\n",
       "      <td>America/Sao_Paulo</td>\n",
       "      <td>False</td>\n",
       "      <td>opera</td>\n",
       "      <td>81.0.4196</td>\n",
       "      <td>amd radeon rx 560</td>\n",
       "      <td>15n8ddh709kn4gjkkmi9649g99bn</td>\n",
       "    </tr>\n",
       "    <tr>\n",
       "      <th>1</th>\n",
       "      <td>2</td>\n",
       "      <td>True</td>\n",
       "      <td>8</td>\n",
       "      <td>4</td>\n",
       "      <td>200.158.198.60</td>\n",
       "      <td>pt-BR</td>\n",
       "      <td>True</td>\n",
       "      <td>Windows 10</td>\n",
       "      <td>True</td>\n",
       "      <td>America/Sao_Paulo</td>\n",
       "      <td>False</td>\n",
       "      <td>chrome</td>\n",
       "      <td>96.0.4664</td>\n",
       "      <td>nvidia evga geforce gtx 970</td>\n",
       "      <td>1gd7abb2e497c9f5a00ff94da5dc9e2</td>\n",
       "    </tr>\n",
       "    <tr>\n",
       "      <th>2</th>\n",
       "      <td>1</td>\n",
       "      <td>False</td>\n",
       "      <td>8</td>\n",
       "      <td>2</td>\n",
       "      <td>137.183.95.242</td>\n",
       "      <td>pt-BR</td>\n",
       "      <td>True</td>\n",
       "      <td>Windows 10</td>\n",
       "      <td>True</td>\n",
       "      <td>America/Sao_Paulo</td>\n",
       "      <td>False</td>\n",
       "      <td>Chrome</td>\n",
       "      <td>95.0.4638</td>\n",
       "      <td>nvidia evga geforce gtx 970</td>\n",
       "      <td>1gd7abb2e497c9f5a00ff94da5dc9e2</td>\n",
       "    </tr>\n",
       "    <tr>\n",
       "      <th>3</th>\n",
       "      <td>2</td>\n",
       "      <td>False</td>\n",
       "      <td>4</td>\n",
       "      <td>4</td>\n",
       "      <td>34.131.211.72</td>\n",
       "      <td>pt-BR</td>\n",
       "      <td>True</td>\n",
       "      <td>Windows 8</td>\n",
       "      <td>True</td>\n",
       "      <td>America/Sao_Paulo</td>\n",
       "      <td>False</td>\n",
       "      <td>Firefox</td>\n",
       "      <td>80.0.4170</td>\n",
       "      <td>amd radeon rx 560</td>\n",
       "      <td>1adl54148eac5h2035mbf91h81e8i</td>\n",
       "    </tr>\n",
       "    <tr>\n",
       "      <th>4</th>\n",
       "      <td>3</td>\n",
       "      <td>False</td>\n",
       "      <td>8</td>\n",
       "      <td>2</td>\n",
       "      <td>201.98.244.196</td>\n",
       "      <td>pt-BR</td>\n",
       "      <td>True</td>\n",
       "      <td>Windows 10</td>\n",
       "      <td>True</td>\n",
       "      <td>America/Sao_Paulo</td>\n",
       "      <td>False</td>\n",
       "      <td>Chrome</td>\n",
       "      <td>95.0.4638</td>\n",
       "      <td>nvidia evga geforce gtx 970</td>\n",
       "      <td>e09c80c42fda55f9d992e59ca6b3307d</td>\n",
       "    </tr>\n",
       "  </tbody>\n",
       "</table>\n",
       "</div>"
      ],
      "text/plain": [
       "   usuario_id  cookies_enabled  device_memory  hardware_concurrency  \\\n",
       "0           1             True              8                    12   \n",
       "1           2             True              8                     4   \n",
       "2           1            False              8                     2   \n",
       "3           2            False              4                     4   \n",
       "4           3            False              8                     2   \n",
       "\n",
       "               ip languages  local_storage    platform  session_storage  \\\n",
       "0  201.26.163.119     pt-BR           True  Windows 10             True   \n",
       "1  200.158.198.60     pt-BR           True  Windows 10             True   \n",
       "2  137.183.95.242     pt-BR           True  Windows 10             True   \n",
       "3   34.131.211.72     pt-BR           True   Windows 8             True   \n",
       "4  201.98.244.196     pt-BR           True  Windows 10             True   \n",
       "\n",
       "            timezone  touch_support  browser browser_version  \\\n",
       "0  America/Sao_Paulo          False    opera       81.0.4196   \n",
       "1  America/Sao_Paulo          False   chrome       96.0.4664   \n",
       "2  America/Sao_Paulo          False   Chrome       95.0.4638   \n",
       "3  America/Sao_Paulo          False  Firefox       80.0.4170   \n",
       "4  America/Sao_Paulo          False   Chrome       95.0.4638   \n",
       "\n",
       "                           gpu                              hash  \n",
       "0            amd radeon rx 560      15n8ddh709kn4gjkkmi9649g99bn  \n",
       "1  nvidia evga geforce gtx 970   1gd7abb2e497c9f5a00ff94da5dc9e2  \n",
       "2  nvidia evga geforce gtx 970   1gd7abb2e497c9f5a00ff94da5dc9e2  \n",
       "3            amd radeon rx 560     1adl54148eac5h2035mbf91h81e8i  \n",
       "4  nvidia evga geforce gtx 970  e09c80c42fda55f9d992e59ca6b3307d  "
      ]
     },
     "execution_count": 2,
     "metadata": {},
     "output_type": "execute_result"
    }
   ],
   "source": [
    "data = pd.read_csv(\"dados100-final.csv\", delimiter=\",\")\n",
    "data.head()"
   ]
  },
  {
   "cell_type": "code",
   "execution_count": 3,
   "id": "2489afbf",
   "metadata": {},
   "outputs": [
    {
     "name": "stdout",
     "output_type": "stream",
     "text": [
      "Index([True, False], dtype='object')\n",
      "[0 1]\n"
     ]
    }
   ],
   "source": [
    "# factorize – codifica os valores categóricos – árvore de decisão do Python precisa de dados numéricos\n",
    "data['cookies_enabled'],class_names = pd.factorize(data['cookies_enabled']) # Nao=0; Sim=1\n",
    "print(class_names)\n",
    "print(data['cookies_enabled'].unique())"
   ]
  },
  {
   "cell_type": "code",
   "execution_count": 4,
   "id": "c6fc9419",
   "metadata": {},
   "outputs": [
    {
     "name": "stdout",
     "output_type": "stream",
     "text": [
      "[0 1 2 3 4 5]\n"
     ]
    }
   ],
   "source": [
    "data['device_memory'],_ = pd.factorize(data['device_memory']) # Medio=0; Baixo=1; Alto=2\n",
    "print(data['device_memory'].unique())"
   ]
  },
  {
   "cell_type": "code",
   "execution_count": 5,
   "id": "6ff6a6cf",
   "metadata": {},
   "outputs": [
    {
     "name": "stdout",
     "output_type": "stream",
     "text": [
      "[0 1 2 3 4 5 6]\n"
     ]
    }
   ],
   "source": [
    "data['hardware_concurrency'],_ = pd.factorize(data['hardware_concurrency']) # Medio=0; Baixo=1; Alto=2\n",
    "print(data['hardware_concurrency'].unique())"
   ]
  },
  {
   "cell_type": "code",
   "execution_count": 6,
   "id": "207daa3f",
   "metadata": {},
   "outputs": [
    {
     "name": "stdout",
     "output_type": "stream",
     "text": [
      "[ 0  1  2  3  4  5  6  7  8  9 10 11 12 13 14 15 16 17 18 19 20 21 22 23\n",
      " 24 25 26 27 28 29 30 31 32 33 34 35 36 37 38 39 40 41 42 43 44 45 46 47\n",
      " 48 49 50 51 52 53 54 55 56 57 58 59 60 61 62 63 64 65 66 67 68 69 70 71\n",
      " 72 73 74 75 76 77 78 79 80 81 82 83 84 85 86 87 88 89 90 91]\n"
     ]
    }
   ],
   "source": [
    "data['ip'],_ = pd.factorize(data['ip']) # Medio=0; Baixo=1; Alto=2\n",
    "print(data['ip'].unique())"
   ]
  },
  {
   "cell_type": "code",
   "execution_count": 7,
   "id": "6b0677d9",
   "metadata": {},
   "outputs": [
    {
     "name": "stdout",
     "output_type": "stream",
     "text": [
      "[ 0  1  2  3  4  5  6  7  8  9 10 11]\n"
     ]
    }
   ],
   "source": [
    "data['languages'],_ = pd.factorize(data['languages']) # Medio=0; Baixo=1; Alto=2\n",
    "print(data['languages'].unique())"
   ]
  },
  {
   "cell_type": "code",
   "execution_count": 8,
   "id": "8870e54e",
   "metadata": {},
   "outputs": [
    {
     "name": "stdout",
     "output_type": "stream",
     "text": [
      "[0 1]\n"
     ]
    }
   ],
   "source": [
    "data['local_storage'],_ = pd.factorize(data['local_storage']) # Medio=0; Baixo=1; Alto=2\n",
    "print(data['local_storage'].unique())"
   ]
  },
  {
   "cell_type": "code",
   "execution_count": 9,
   "id": "51fab9bf",
   "metadata": {},
   "outputs": [
    {
     "name": "stdout",
     "output_type": "stream",
     "text": [
      "[ 0  1  2  3  4  5  6  7  8  9 10 11]\n"
     ]
    }
   ],
   "source": [
    "data['platform'],_ = pd.factorize(data['platform']) # Medio=0; Baixo=1; Alto=2\n",
    "print(data['platform'].unique())"
   ]
  },
  {
   "cell_type": "code",
   "execution_count": 10,
   "id": "c78c868d",
   "metadata": {},
   "outputs": [
    {
     "name": "stdout",
     "output_type": "stream",
     "text": [
      "[0 1]\n"
     ]
    }
   ],
   "source": [
    "data['session_storage'],_ = pd.factorize(data['session_storage']) # Medio=0; Baixo=1; Alto=2\n",
    "print(data['session_storage'].unique())"
   ]
  },
  {
   "cell_type": "code",
   "execution_count": 11,
   "id": "0b2b58b4",
   "metadata": {},
   "outputs": [
    {
     "name": "stdout",
     "output_type": "stream",
     "text": [
      "[ 0  1  2  3  4  5  6  7  8  9 10 11 12 13 14 15 16 17 18 19 20 21 22 23\n",
      " 24 25 26 27 28 29 30 31 32 33 34 35 36 37 38 39 40 41 42 43 44 45 46 47]\n"
     ]
    }
   ],
   "source": [
    "data['timezone'],_ = pd.factorize(data['timezone']) # Medio=0; Baixo=1; Alto=2\n",
    "print(data['timezone'].unique())"
   ]
  },
  {
   "cell_type": "code",
   "execution_count": 12,
   "id": "147645b6",
   "metadata": {},
   "outputs": [
    {
     "name": "stdout",
     "output_type": "stream",
     "text": [
      "[0 1]\n"
     ]
    }
   ],
   "source": [
    "data['touch_support'],_ = pd.factorize(data['touch_support']) # Medio=0; Baixo=1; Alto=2\n",
    "print(data['touch_support'].unique())"
   ]
  },
  {
   "cell_type": "code",
   "execution_count": 13,
   "id": "ec31e06a",
   "metadata": {},
   "outputs": [
    {
     "name": "stdout",
     "output_type": "stream",
     "text": [
      "[0 1 2 3 4 5 6 7]\n"
     ]
    }
   ],
   "source": [
    "data['browser'],_ = pd.factorize(data['browser']) # Medio=0; Baixo=1; Alto=2\n",
    "print(data['browser'].unique())"
   ]
  },
  {
   "cell_type": "code",
   "execution_count": 14,
   "id": "89f497ec",
   "metadata": {},
   "outputs": [
    {
     "name": "stdout",
     "output_type": "stream",
     "text": [
      "[ 0  1  2  3  4  5  6  7  8  9 10 11 12 13 14 15 16 17 18 19 20 21 22 23\n",
      " 24 25 26 27 28 29 30 31 32 33 34 35 36 37 38]\n"
     ]
    }
   ],
   "source": [
    "data['browser_version'],_ = pd.factorize(data['browser_version']) # Medio=0; Baixo=1; Alto=2\n",
    "print(data['browser_version'].unique())"
   ]
  },
  {
   "cell_type": "code",
   "execution_count": 15,
   "id": "7161e345",
   "metadata": {},
   "outputs": [
    {
     "name": "stdout",
     "output_type": "stream",
     "text": [
      "[ 0  1  2  3  4  5  6  7  8  9 10 11 12 13 14 15 16 17 18 19 20 21 22 23\n",
      " 24 25 26 27 28 29 30 31 32 33 34 35 36 37 38 39 40]\n"
     ]
    }
   ],
   "source": [
    "data['gpu'],_ = pd.factorize(data['gpu']) # Medio=0; Baixo=1; Alto=2\n",
    "print(data['gpu'].unique())"
   ]
  },
  {
   "cell_type": "code",
   "execution_count": 16,
   "id": "e819393c",
   "metadata": {},
   "outputs": [
    {
     "name": "stdout",
     "output_type": "stream",
     "text": [
      "[ 0  1  2  3  4  5  6  7  8  9 10 11 12 13 14 15 16 17 18 19 20 21 22 23\n",
      " 24 25 26 27 28 29 30 31 32 33 34 35 36 37 38 39 40]\n"
     ]
    }
   ],
   "source": [
    "data['gpu'],_ = pd.factorize(data['gpu']) # Medio=0; Baixo=1; Alto=2\n",
    "print(data['gpu'].unique())"
   ]
  },
  {
   "cell_type": "code",
   "execution_count": 17,
   "id": "79a00f1f",
   "metadata": {},
   "outputs": [
    {
     "name": "stdout",
     "output_type": "stream",
     "text": [
      "[ 0  1  2  3  4  5  6  7  8  9 10 11 12 13 14 15 16 17 18 19 20 21 22 23\n",
      " 24 25 26 27 28 29 30 31 32 33 34 35 36 37 38 39 40 41 42 43 44 45 46 47\n",
      " 48 49 50 51 52 53 54 55 56 57 58 59 60 61 62 63 64 65 66 67 68 69 70 71\n",
      " 72 73 74 75 76 77]\n"
     ]
    }
   ],
   "source": [
    "data['hash'],_ = pd.factorize(data['hash']) # Medio=0; Baixo=1; Alto=2\n",
    "print(data['hash'].unique())"
   ]
  },
  {
   "cell_type": "code",
   "execution_count": 18,
   "id": "1daf8e95",
   "metadata": {},
   "outputs": [
    {
     "data": {
      "text/html": [
       "<div>\n",
       "<style scoped>\n",
       "    .dataframe tbody tr th:only-of-type {\n",
       "        vertical-align: middle;\n",
       "    }\n",
       "\n",
       "    .dataframe tbody tr th {\n",
       "        vertical-align: top;\n",
       "    }\n",
       "\n",
       "    .dataframe thead th {\n",
       "        text-align: right;\n",
       "    }\n",
       "</style>\n",
       "<table border=\"1\" class=\"dataframe\">\n",
       "  <thead>\n",
       "    <tr style=\"text-align: right;\">\n",
       "      <th></th>\n",
       "      <th>usuario_id</th>\n",
       "      <th>cookies_enabled</th>\n",
       "      <th>device_memory</th>\n",
       "      <th>hardware_concurrency</th>\n",
       "      <th>ip</th>\n",
       "      <th>languages</th>\n",
       "      <th>local_storage</th>\n",
       "      <th>platform</th>\n",
       "      <th>session_storage</th>\n",
       "      <th>timezone</th>\n",
       "      <th>touch_support</th>\n",
       "      <th>browser</th>\n",
       "      <th>browser_version</th>\n",
       "      <th>gpu</th>\n",
       "      <th>hash</th>\n",
       "    </tr>\n",
       "  </thead>\n",
       "  <tbody>\n",
       "    <tr>\n",
       "      <th>0</th>\n",
       "      <td>1</td>\n",
       "      <td>0</td>\n",
       "      <td>0</td>\n",
       "      <td>0</td>\n",
       "      <td>0</td>\n",
       "      <td>0</td>\n",
       "      <td>0</td>\n",
       "      <td>0</td>\n",
       "      <td>0</td>\n",
       "      <td>0</td>\n",
       "      <td>0</td>\n",
       "      <td>0</td>\n",
       "      <td>0</td>\n",
       "      <td>0</td>\n",
       "      <td>0</td>\n",
       "    </tr>\n",
       "    <tr>\n",
       "      <th>1</th>\n",
       "      <td>2</td>\n",
       "      <td>0</td>\n",
       "      <td>0</td>\n",
       "      <td>1</td>\n",
       "      <td>1</td>\n",
       "      <td>0</td>\n",
       "      <td>0</td>\n",
       "      <td>0</td>\n",
       "      <td>0</td>\n",
       "      <td>0</td>\n",
       "      <td>0</td>\n",
       "      <td>1</td>\n",
       "      <td>1</td>\n",
       "      <td>1</td>\n",
       "      <td>1</td>\n",
       "    </tr>\n",
       "    <tr>\n",
       "      <th>2</th>\n",
       "      <td>1</td>\n",
       "      <td>1</td>\n",
       "      <td>0</td>\n",
       "      <td>2</td>\n",
       "      <td>2</td>\n",
       "      <td>0</td>\n",
       "      <td>0</td>\n",
       "      <td>0</td>\n",
       "      <td>0</td>\n",
       "      <td>0</td>\n",
       "      <td>0</td>\n",
       "      <td>2</td>\n",
       "      <td>2</td>\n",
       "      <td>1</td>\n",
       "      <td>1</td>\n",
       "    </tr>\n",
       "    <tr>\n",
       "      <th>3</th>\n",
       "      <td>2</td>\n",
       "      <td>1</td>\n",
       "      <td>1</td>\n",
       "      <td>1</td>\n",
       "      <td>3</td>\n",
       "      <td>0</td>\n",
       "      <td>0</td>\n",
       "      <td>1</td>\n",
       "      <td>0</td>\n",
       "      <td>0</td>\n",
       "      <td>0</td>\n",
       "      <td>3</td>\n",
       "      <td>3</td>\n",
       "      <td>0</td>\n",
       "      <td>2</td>\n",
       "    </tr>\n",
       "    <tr>\n",
       "      <th>4</th>\n",
       "      <td>3</td>\n",
       "      <td>1</td>\n",
       "      <td>0</td>\n",
       "      <td>2</td>\n",
       "      <td>4</td>\n",
       "      <td>0</td>\n",
       "      <td>0</td>\n",
       "      <td>0</td>\n",
       "      <td>0</td>\n",
       "      <td>0</td>\n",
       "      <td>0</td>\n",
       "      <td>2</td>\n",
       "      <td>2</td>\n",
       "      <td>1</td>\n",
       "      <td>3</td>\n",
       "    </tr>\n",
       "    <tr>\n",
       "      <th>...</th>\n",
       "      <td>...</td>\n",
       "      <td>...</td>\n",
       "      <td>...</td>\n",
       "      <td>...</td>\n",
       "      <td>...</td>\n",
       "      <td>...</td>\n",
       "      <td>...</td>\n",
       "      <td>...</td>\n",
       "      <td>...</td>\n",
       "      <td>...</td>\n",
       "      <td>...</td>\n",
       "      <td>...</td>\n",
       "      <td>...</td>\n",
       "      <td>...</td>\n",
       "      <td>...</td>\n",
       "    </tr>\n",
       "    <tr>\n",
       "      <th>97</th>\n",
       "      <td>96</td>\n",
       "      <td>1</td>\n",
       "      <td>1</td>\n",
       "      <td>2</td>\n",
       "      <td>90</td>\n",
       "      <td>10</td>\n",
       "      <td>0</td>\n",
       "      <td>3</td>\n",
       "      <td>0</td>\n",
       "      <td>45</td>\n",
       "      <td>1</td>\n",
       "      <td>2</td>\n",
       "      <td>5</td>\n",
       "      <td>32</td>\n",
       "      <td>74</td>\n",
       "    </tr>\n",
       "    <tr>\n",
       "      <th>98</th>\n",
       "      <td>97</td>\n",
       "      <td>1</td>\n",
       "      <td>1</td>\n",
       "      <td>2</td>\n",
       "      <td>90</td>\n",
       "      <td>10</td>\n",
       "      <td>0</td>\n",
       "      <td>3</td>\n",
       "      <td>0</td>\n",
       "      <td>45</td>\n",
       "      <td>1</td>\n",
       "      <td>2</td>\n",
       "      <td>5</td>\n",
       "      <td>32</td>\n",
       "      <td>74</td>\n",
       "    </tr>\n",
       "    <tr>\n",
       "      <th>99</th>\n",
       "      <td>98</td>\n",
       "      <td>0</td>\n",
       "      <td>5</td>\n",
       "      <td>1</td>\n",
       "      <td>85</td>\n",
       "      <td>11</td>\n",
       "      <td>0</td>\n",
       "      <td>3</td>\n",
       "      <td>1</td>\n",
       "      <td>46</td>\n",
       "      <td>1</td>\n",
       "      <td>2</td>\n",
       "      <td>21</td>\n",
       "      <td>40</td>\n",
       "      <td>75</td>\n",
       "    </tr>\n",
       "    <tr>\n",
       "      <th>100</th>\n",
       "      <td>99</td>\n",
       "      <td>1</td>\n",
       "      <td>1</td>\n",
       "      <td>2</td>\n",
       "      <td>91</td>\n",
       "      <td>11</td>\n",
       "      <td>1</td>\n",
       "      <td>2</td>\n",
       "      <td>1</td>\n",
       "      <td>46</td>\n",
       "      <td>0</td>\n",
       "      <td>2</td>\n",
       "      <td>22</td>\n",
       "      <td>28</td>\n",
       "      <td>76</td>\n",
       "    </tr>\n",
       "    <tr>\n",
       "      <th>101</th>\n",
       "      <td>100</td>\n",
       "      <td>0</td>\n",
       "      <td>1</td>\n",
       "      <td>2</td>\n",
       "      <td>91</td>\n",
       "      <td>11</td>\n",
       "      <td>0</td>\n",
       "      <td>0</td>\n",
       "      <td>0</td>\n",
       "      <td>47</td>\n",
       "      <td>0</td>\n",
       "      <td>6</td>\n",
       "      <td>3</td>\n",
       "      <td>28</td>\n",
       "      <td>77</td>\n",
       "    </tr>\n",
       "  </tbody>\n",
       "</table>\n",
       "<p>102 rows × 15 columns</p>\n",
       "</div>"
      ],
      "text/plain": [
       "     usuario_id  cookies_enabled  device_memory  hardware_concurrency  ip  \\\n",
       "0             1                0              0                     0   0   \n",
       "1             2                0              0                     1   1   \n",
       "2             1                1              0                     2   2   \n",
       "3             2                1              1                     1   3   \n",
       "4             3                1              0                     2   4   \n",
       "..          ...              ...            ...                   ...  ..   \n",
       "97           96                1              1                     2  90   \n",
       "98           97                1              1                     2  90   \n",
       "99           98                0              5                     1  85   \n",
       "100          99                1              1                     2  91   \n",
       "101         100                0              1                     2  91   \n",
       "\n",
       "     languages  local_storage  platform  session_storage  timezone  \\\n",
       "0            0              0         0                0         0   \n",
       "1            0              0         0                0         0   \n",
       "2            0              0         0                0         0   \n",
       "3            0              0         1                0         0   \n",
       "4            0              0         0                0         0   \n",
       "..         ...            ...       ...              ...       ...   \n",
       "97          10              0         3                0        45   \n",
       "98          10              0         3                0        45   \n",
       "99          11              0         3                1        46   \n",
       "100         11              1         2                1        46   \n",
       "101         11              0         0                0        47   \n",
       "\n",
       "     touch_support  browser  browser_version  gpu  hash  \n",
       "0                0        0                0    0     0  \n",
       "1                0        1                1    1     1  \n",
       "2                0        2                2    1     1  \n",
       "3                0        3                3    0     2  \n",
       "4                0        2                2    1     3  \n",
       "..             ...      ...              ...  ...   ...  \n",
       "97               1        2                5   32    74  \n",
       "98               1        2                5   32    74  \n",
       "99               1        2               21   40    75  \n",
       "100              0        2               22   28    76  \n",
       "101              0        6                3   28    77  \n",
       "\n",
       "[102 rows x 15 columns]"
      ]
     },
     "execution_count": 18,
     "metadata": {},
     "output_type": "execute_result"
    }
   ],
   "source": [
    "data"
   ]
  },
  {
   "cell_type": "code",
   "execution_count": 19,
   "id": "91ce5222",
   "metadata": {},
   "outputs": [
    {
     "data": {
      "text/plain": [
       "KMeans(init='random', n_clusters=3)"
      ]
     },
     "execution_count": 19,
     "metadata": {},
     "output_type": "execute_result"
    }
   ],
   "source": [
    "kmeans = KMeans(n_clusters = 3, init = 'random')\n",
    "kmeans"
   ]
  },
  {
   "cell_type": "code",
   "execution_count": 20,
   "id": "8b59b3f1",
   "metadata": {
    "scrolled": true
   },
   "outputs": [
    {
     "data": {
      "text/plain": [
       "KMeans(init='random', n_clusters=3)"
      ]
     },
     "execution_count": 20,
     "metadata": {},
     "output_type": "execute_result"
    }
   ],
   "source": [
    "kmeans.fit(data)\n"
   ]
  },
  {
   "cell_type": "code",
   "execution_count": 21,
   "id": "240167b5",
   "metadata": {},
   "outputs": [
    {
     "data": {
      "text/plain": [
       "array([[8.44516129e+01, 3.22580645e-01, 1.48387097e+00, 1.54838710e+00,\n",
       "        7.85806452e+01, 8.45161290e+00, 3.54838710e-01, 3.67741935e+00,\n",
       "        2.90322581e-01, 3.73870968e+01, 2.90322581e-01, 3.38709677e+00,\n",
       "        1.95161290e+01, 2.89032258e+01, 6.33225806e+01],\n",
       "       [1.77894737e+01, 3.42105263e-01, 9.73684211e-01, 2.26315789e+00,\n",
       "        1.72894737e+01, 1.15789474e+00, 3.68421053e-01, 2.10526316e+00,\n",
       "        2.63157895e-02, 5.05263158e+00, 2.63157895e-01, 2.86842105e+00,\n",
       "        5.44736842e+00, 5.60526316e+00, 1.28157895e+01],\n",
       "       [5.33030303e+01, 3.63636364e-01, 2.78787879e+00, 2.60606061e+00,\n",
       "        4.68484848e+01, 4.66666667e+00, 7.27272727e-01, 2.60606061e+00,\n",
       "        1.21212121e-01, 2.09090909e+01, 3.03030303e-01, 3.66666667e+00,\n",
       "        1.46969697e+01, 1.59393939e+01, 3.80606061e+01]])"
      ]
     },
     "execution_count": 21,
     "metadata": {},
     "output_type": "execute_result"
    }
   ],
   "source": [
    "kmeans.cluster_centers_\n"
   ]
  },
  {
   "cell_type": "code",
   "execution_count": 22,
   "id": "1d28c111",
   "metadata": {
    "scrolled": true
   },
   "outputs": [
    {
     "data": {
      "text/plain": [
       "KMeans(init='random', n_clusters=3)"
      ]
     },
     "execution_count": 22,
     "metadata": {},
     "output_type": "execute_result"
    }
   ],
   "source": [
    "kmeans.fit(data)"
   ]
  },
  {
   "cell_type": "code",
   "execution_count": 23,
   "id": "f47c2e6d",
   "metadata": {
    "scrolled": true
   },
   "outputs": [
    {
     "data": {
      "text/plain": [
       "array([[1.77894737e+01, 3.42105263e-01, 9.73684211e-01, 2.26315789e+00,\n",
       "        1.72894737e+01, 1.15789474e+00, 3.68421053e-01, 2.10526316e+00,\n",
       "        2.63157895e-02, 5.05263158e+00, 2.63157895e-01, 2.86842105e+00,\n",
       "        5.44736842e+00, 5.60526316e+00, 1.28157895e+01],\n",
       "       [5.33030303e+01, 3.63636364e-01, 2.78787879e+00, 2.60606061e+00,\n",
       "        4.68484848e+01, 4.66666667e+00, 7.27272727e-01, 2.60606061e+00,\n",
       "        1.21212121e-01, 2.09090909e+01, 3.03030303e-01, 3.66666667e+00,\n",
       "        1.46969697e+01, 1.59393939e+01, 3.80606061e+01],\n",
       "       [8.44516129e+01, 3.22580645e-01, 1.48387097e+00, 1.54838710e+00,\n",
       "        7.85806452e+01, 8.45161290e+00, 3.54838710e-01, 3.67741935e+00,\n",
       "        2.90322581e-01, 3.73870968e+01, 2.90322581e-01, 3.38709677e+00,\n",
       "        1.95161290e+01, 2.89032258e+01, 6.33225806e+01]])"
      ]
     },
     "execution_count": 23,
     "metadata": {},
     "output_type": "execute_result"
    }
   ],
   "source": [
    "kmeans.cluster_centers_"
   ]
  },
  {
   "cell_type": "code",
   "execution_count": 24,
   "id": "094da639",
   "metadata": {
    "scrolled": true
   },
   "outputs": [
    {
     "data": {
      "text/plain": [
       "array([[ 85.69479445, 140.94088472,  29.19027273],\n",
       "       [ 83.68007751, 138.97450713,  27.07238681],\n",
       "       [ 83.56193988, 138.87442954,  26.87139785],\n",
       "       [ 81.94357395, 137.32141747,  25.26321272],\n",
       "       [ 80.36012264, 135.67861963,  23.63245808],\n",
       "       [ 80.10404735, 135.50947147,  23.47716519],\n",
       "       [ 78.92549753, 134.35921071,  22.32342223],\n",
       "       [ 78.00888203, 133.35803405,  21.42105263],\n",
       "       [ 75.17146607, 130.53121275,  18.46671033],\n",
       "       [ 73.75629963, 129.07778632,  17.10089013],\n",
       "       [ 74.49704637, 129.89242728,  18.44389561],\n",
       "       [ 70.49494443, 125.88888118,  13.95362323],\n",
       "       [ 68.57880388, 123.9659582 ,  12.13817038],\n",
       "       [ 66.23002324, 121.66868319,  10.19640912],\n",
       "       [ 64.39572903, 119.76298133,   8.48021977],\n",
       "       [ 62.19464248, 117.54331015,   6.85706866],\n",
       "       [ 60.36849652, 115.8243    ,   6.5709425 ],\n",
       "       [ 58.5873415 , 114.06411929,   6.37168251],\n",
       "       [ 56.75351472, 112.13979216,   7.75740197],\n",
       "       [ 56.65759124, 111.61285661,   6.18728927],\n",
       "       [ 52.52408604, 107.7591883 ,   8.43042242],\n",
       "       [ 52.50590941, 107.44755999,   7.8885941 ],\n",
       "       [ 50.2393445 , 105.00035677,  10.18349651],\n",
       "       [ 47.96012462, 102.77462386,  12.12732543],\n",
       "       [ 45.97981351, 100.85542552,  12.35306998],\n",
       "       [ 43.87023816,  98.8307975 ,  14.65276769],\n",
       "       [ 42.90925141,  97.37776831,  16.64073699],\n",
       "       [ 42.25633439,  96.7704838 ,  17.09781214],\n",
       "       [ 41.6172048 ,  96.16976297,  17.59989297],\n",
       "       [ 40.99250755,  95.57572957,  18.14324352],\n",
       "       [ 37.06085384,  92.12217039,  21.35953925],\n",
       "       [ 35.62035819,  90.34098891,  24.14143459],\n",
       "       [ 36.69849608,  91.38492192,  25.06346515],\n",
       "       [ 35.24018336,  89.88977526,  24.54895048],\n",
       "       [ 33.43185166,  87.95734351,  28.28275318],\n",
       "       [ 28.00688621,  82.57476037,  31.6255796 ],\n",
       "       [ 32.25641927,  86.8025796 ,  29.40673788],\n",
       "       [ 25.84201845,  80.0055084 ,  34.90541235],\n",
       "       [ 25.31601917,  79.93532115,  34.72248507],\n",
       "       [ 35.69768997,  90.03159348,  25.16719714],\n",
       "       [ 35.28057551,  89.51974419,  25.97708344],\n",
       "       [ 25.64839606,  79.45303392,  35.31614244],\n",
       "       [ 22.7487777 ,  75.40414179,  38.79118756],\n",
       "       [ 18.94787689,  72.51503127,  40.938573  ],\n",
       "       [ 19.71288401,  72.96913236,  43.09131578],\n",
       "       [ 19.69904418,  71.73682246,  42.39685218],\n",
       "       [ 16.09510303,  68.09536069,  45.67584207],\n",
       "       [ 16.59748728,  67.25740697,  47.04777439],\n",
       "       [ 13.33453851,  65.10817861,  48.31713678],\n",
       "       [ 10.75164156,  61.25944893,  52.94702836],\n",
       "       [  9.95250429,  59.65446812,  54.65940879],\n",
       "       [ 12.20869942,  57.88930554,  57.50943557],\n",
       "       [ 15.9095238 ,  62.93886501,  54.83725607],\n",
       "       [ 17.83147309,  61.86935314,  55.36879628],\n",
       "       [ 15.82262216,  62.42190542,  53.94557122],\n",
       "       [ 12.62480396,  51.8401148 ,  63.4339144 ],\n",
       "       [ 16.06966583,  50.3245347 ,  66.22385022],\n",
       "       [ 18.96466193,  56.3955851 ,  61.66307793],\n",
       "       [ 19.55468422,  52.8577893 ,  66.94316852],\n",
       "       [ 18.19567654,  45.18611069,  70.83426484],\n",
       "       [ 19.4482431 ,  43.40778976,  72.62751705],\n",
       "       [ 20.47816818,  41.93632753,  74.17808175],\n",
       "       [ 24.25228966,  41.04573475,  76.9816685 ],\n",
       "       [ 22.92724149,  38.37519469,  77.59319301],\n",
       "       [ 25.1141197 ,  39.72052471,  76.65142166],\n",
       "       [ 24.86431499,  35.78760038,  80.03300912],\n",
       "       [ 25.99401287,  35.6023389 ,  80.90259524],\n",
       "       [ 26.73139527,  37.81803742,  78.93113868],\n",
       "       [ 29.01343851,  52.45899246,  72.46319153],\n",
       "       [ 30.12133406,  31.81616681,  83.912664  ],\n",
       "       [ 31.36622739,  26.28400874,  87.45776979],\n",
       "       [ 32.60076559,  25.19877274,  88.75850394],\n",
       "       [ 36.40085217,  28.84291302,  89.43105796],\n",
       "       [ 35.45664329,  26.16838932,  89.84148861],\n",
       "       [ 41.14819016,  22.13472136,  96.63914659],\n",
       "       [ 42.18851175,  19.2130018 ,  98.03822252],\n",
       "       [ 41.75278153,  20.50517054,  97.73658702],\n",
       "       [ 47.2288841 ,  18.3990906 , 102.85180151],\n",
       "       [ 47.73815172,  21.61266249, 101.35252922],\n",
       "       [ 47.67590309,  22.36668215, 101.18309834],\n",
       "       [ 50.40614659,  29.21959273, 104.1682264 ],\n",
       "       [ 54.0010458 ,  16.11383155, 109.70567524],\n",
       "       [ 53.99403089,  15.67854768, 110.033815  ],\n",
       "       [ 55.96934423,  19.32099191, 110.03907641],\n",
       "       [ 57.01055917,   7.76743114, 113.14019445],\n",
       "       [ 59.9076884 ,  19.51204969, 113.97353534],\n",
       "       [ 59.46828217,   7.13311808, 115.87092829],\n",
       "       [ 45.92639938,  77.1384015 ,  69.83980482],\n",
       "       [ 59.70577539,  18.53620919, 114.55827486],\n",
       "       [ 62.24772778,   8.51814492, 118.75325335],\n",
       "       [ 63.99425336,  10.71225193, 120.52459204],\n",
       "       [ 71.05071327,  21.35440015, 127.10922953],\n",
       "       [ 63.08885684,  46.09958456, 112.04166716],\n",
       "       [ 72.40013546,  22.94616602, 128.63092213],\n",
       "       [ 74.07157212,  24.96276103, 128.86945014],\n",
       "       [ 79.37897731,  28.87979681, 135.28087125],\n",
       "       [ 74.9724651 ,  23.69314763, 131.43927323],\n",
       "       [ 77.10672008,  25.73771087, 132.3661923 ],\n",
       "       [ 77.66492272,  26.20165138, 132.9595048 ],\n",
       "       [ 78.22088524,  24.15429073, 134.55430686],\n",
       "       [ 79.7086983 ,  24.91813861, 136.28054818],\n",
       "       [ 81.64515374,  31.25303731, 136.71144572]])"
      ]
     },
     "execution_count": 24,
     "metadata": {},
     "output_type": "execute_result"
    }
   ],
   "source": [
    "distance = kmeans.fit_transform(data)\n",
    "distance"
   ]
  },
  {
   "cell_type": "code",
   "execution_count": 25,
   "id": "fb9ac02e",
   "metadata": {
    "scrolled": true
   },
   "outputs": [
    {
     "data": {
      "text/plain": [
       "array([2, 2, 2, 2, 2, 2, 2, 2, 2, 2, 2, 2, 2, 2, 2, 2, 2, 2, 2, 2, 2, 2,\n",
       "       2, 2, 2, 2, 2, 2, 2, 2, 2, 2, 2, 2, 2, 0, 2, 0, 0, 2, 2, 0, 0, 0,\n",
       "       0, 0, 0, 0, 0, 0, 0, 0, 0, 0, 0, 0, 0, 0, 0, 0, 0, 0, 0, 0, 0, 0,\n",
       "       0, 0, 0, 0, 1, 1, 1, 1, 1, 1, 1, 1, 1, 1, 1, 1, 1, 1, 1, 1, 1, 0,\n",
       "       1, 1, 1, 1, 1, 1, 1, 1, 1, 1, 1, 1, 1, 1])"
      ]
     },
     "execution_count": 25,
     "metadata": {},
     "output_type": "execute_result"
    }
   ],
   "source": [
    "labels = kmeans.labels_\n",
    "labels"
   ]
  },
  {
   "cell_type": "code",
   "execution_count": 26,
   "id": "456ce160",
   "metadata": {
    "scrolled": true
   },
   "outputs": [
    {
     "data": {
      "text/plain": [
       "array([[5.33030303e+01, 3.63636364e-01, 2.78787879e+00, 2.60606061e+00,\n",
       "        4.68484848e+01, 4.66666667e+00, 7.27272727e-01, 2.60606061e+00,\n",
       "        1.21212121e-01, 2.09090909e+01, 3.03030303e-01, 3.66666667e+00,\n",
       "        1.46969697e+01, 1.59393939e+01, 3.80606061e+01],\n",
       "       [8.44516129e+01, 3.22580645e-01, 1.48387097e+00, 1.54838710e+00,\n",
       "        7.85806452e+01, 8.45161290e+00, 3.54838710e-01, 3.67741935e+00,\n",
       "        2.90322581e-01, 3.73870968e+01, 2.90322581e-01, 3.38709677e+00,\n",
       "        1.95161290e+01, 2.89032258e+01, 6.33225806e+01],\n",
       "       [1.77894737e+01, 3.42105263e-01, 9.73684211e-01, 2.26315789e+00,\n",
       "        1.72894737e+01, 1.15789474e+00, 3.68421053e-01, 2.10526316e+00,\n",
       "        2.63157895e-02, 5.05263158e+00, 2.63157895e-01, 2.86842105e+00,\n",
       "        5.44736842e+00, 5.60526316e+00, 1.28157895e+01]])"
      ]
     },
     "execution_count": 26,
     "metadata": {},
     "output_type": "execute_result"
    }
   ],
   "source": [
    "kmeans.cluster_centers_"
   ]
  },
  {
   "cell_type": "code",
   "execution_count": 31,
   "id": "fe6994d2",
   "metadata": {},
   "outputs": [
    {
     "name": "stdout",
     "output_type": "stream",
     "text": [
      "1 263231.274509804\n",
      "2 81609.01397515526\n",
      "3 46976.2133045223\n",
      "4 34281.15475265475\n",
      "5 27758.448803827756\n",
      "6 24283.596049783548\n",
      "7 20951.287121212128\n",
      "8 19407.277597402597\n",
      "9 17093.500906038415\n"
     ]
    }
   ],
   "source": [
    "wcsse = []\n",
    "maxclusters = 10\n",
    "for i in range(1, maxclusters):\n",
    "    kmeans = KMeans(n_clusters = i, init = 'random')\n",
    "    kmeans.fit(data)\n",
    "    print (i,kmeans.inertia_)\n",
    "    wcsse.append(kmeans.inertia_)"
   ]
  },
  {
   "cell_type": "code",
   "execution_count": 33,
   "id": "55035e40",
   "metadata": {
    "scrolled": true
   },
   "outputs": [
    {
     "data": {
